1000
0.093053575834513097 0.063809494436579434
0.093049500466964752 0.063822218996732710
0.093045127115552712 0.063835873954832478
0.093040434039741424 0.063850527191566614
0.093035397920042992 0.063866251517601391
0.093029993744436587 0.063883125028215290
0.093024194686783759 0.063901231482924023
0.093017971976701141 0.063920660711778432
0.093011294760319427 0.063941509050117876
0.093004129951324246 0.063963879803666926
0.092996442071639332 0.063987883745971835
0.092988193081076587 0.064013639650285767
0.092979342195240511 0.064041274858127703
0.092969845690936401 0.064070925886858254
0.092959656698293230 0.064102739078736301
0.092948724978773017 0.064136871294042871
0.092936996688198992 0.064173490650980311
0.092924414123896293 0.064212777315177508
0.092910915455000478 0.064254924341750272
0.092896434434951922 0.064300138572982807
0.092880900095159660 0.064348641594804287
0.092864236418785148 0.064400670755336814
0.092846361993568507 0.064456480248879677
0.092827189642595051 0.064516342268770427
0.092806626031882694 0.064580548232618787
0.092784571253659756 0.064649410083442146
0.092760918384202112 0.064723261670235441
0.092735553015107858 0.064802460211476370
0.092708352756912138 0.064887387844994038
0.092679186713983730 0.064978453267504427
0.092647914929704228 0.065076093466932813
0.092614387801012138 0.065180775550388551
0.092578445461502068 0.065292998670320554
0.092539917132408153 0.065413296050948075
0.092498620440975440 0.065542237116516397
0.092454360705939223 0.065680429722251951
0.092406930190095521 0.065828522488068489
0.092356107320264530 0.065987207234083287
0.092301655875328029 0.066157221515815476
0.092243324143472846 0.066339351255533446
0.092180844050301178 0.066534433464564446
0.092113930260087587 0.066743359049448545
0.092042279253180537 0.066967075692577066
0.091965568383374788 0.067206590795367907
0.091883454920031901 0.067462974469062242
0.091795575080811112 0.067737362554838199
0.091701543062104013 0.068030959651094500
0.091600950075655607 0.068345042121417690
0.091493363401413369 0.068680961051880957
0.091378325468384397 0.069040145120893015
0.091255352977207257 0.069424103338800378
0.091123936080267046 0.069834427607822422
0.090983537637499848 0.070272795045660322
0.090833592568546645 0.070740970008273174
0.090673507324617583 0.071240805738881641
0.090502659506300154 0.071774245561289030
0.090320397656565798 0.072343323526178727
0.090126041261362144 0.072950164409265342
0.089918880993373307 0.073596982950199272
0.089698179237725759 0.074286082211150184
0.089463170941526504 0.075019850924285675
0.089213064832043568 0.075800759688234243
0.088947045050948248 0.076631355865474704
0.088664273254185078 0.077514257025891611
0.088363891228542019 0.078452142777032274
0.088045024076657916 0.079447744819526961
0.087706784021797574 0.080503835067401983
0.087348274881995730 0.081623211678415991
0.086968597259847125 0.082808682849927817
0.086566854489017353 0.084063048252046663
0.086142159371181207 0.085389077992823692
0.085693641727282457 0.086789489040879214
0.085220456774501130 0.088266919069915475
0.084721794324904995 0.089823897737676683
0.084196888783314563 0.091462815469516803
0.083645029900386442 0.093185889883941803
0.083065574212403348 0.094995130074040812
0.082457957071991272 0.096892299043859681
0.081821705144388954 0.098878874691175969
0.081156449212603760 0.100956009825834719
0.080461937102659239 0.103124491813121319
0.079738046508262717 0.105384702531175545
0.078984797463914999 0.107736579426078588
0.078202364188265566 0.110179578533228767
0.077391085997061987 0.112712640403732273
0.076551476969118695 0.115334159924253943
0.075684234041100917 0.118041961042593652
0.074790243209242740 0.120833277404001169
0.073870583529813572 0.123704739860480528
0.072926528636264074 0.126652371733789904
0.071959545530073443 0.129671592590791751
0.070971290454308222 0.132757231127479947
0.069963601723012567 0.135903547557845505
0.068938489454231491 0.139104265670559002
0.067898122237421671 0.142352614457444460
0.066844810854224723 0.145641378942269667
0.065780989261484957 0.148962959557655927
0.064709193133020620 0.152309439144317216
0.063632036337867903 0.155672656393270048
0.062552185803487828 0.159044284330689428
0.194291131943783862 0.087088680562161513
0.194289017864834296 0.087101873504287650
0.194286749208069126 0.087116031091644300
0.194284314695681332 0.087131223703558996
0.194281702230789360 0.087147526830806663
0.194278898838517705 0.087165021443297172
0.194275890602925300 0.087183794383674240
0.194272662599502599 0.087203938788568719
0.194269198822940914 0.087225554539355002
0.194265482109860554 0.087248748744367638
0.194261494056165801 0.087273636254647985
0.194257214928676841 0.087300340215407890
0.194252623570668304 0.087328992655516677
0.194247697300925615 0.087359735117441523
0.194242411805909898 0.087392719330195351
0.194236741024600978 0.087428107927974147
0.194230657025569575 0.087466075217291217
0.194224129875807450 0.087506807995543612
0.194217127500826287 0.087550506424068059
0.194209615535515301 0.087597384958865571
0.194201557165230798 0.087647673342285154
0.194192912956572900 0.087701617659063785
0.194183640677290714 0.087759481460211383
0.194173695104744054 0.087821546958307906
0.194163027822341155 0.087888116297837174
0.194151587003365933 0.087959512904216317
0.194139317181607846 0.088036082915183361
0.194126159008212756 0.088118196698173085
0.194112048994185382 0.088206250457235208
0.194096919237994020 0.088300667932920004
0.194080697137759883 0.088401902198366189
0.194063305087554344 0.088510437554562310
0.194044660157384363 0.088626791527402465
0.194024673756518024 0.088751516968708657
0.194003251279892708 0.088885204262826006
0.193980291737460564 0.089028483639697786
0.193955687366462848 0.089182027594473606
0.193929323226789324 0.089346553412675223
0.193901076779776305 0.089522825798713790
0.193870817451030353 0.089711659604095148
0.193838406178139439 0.089913922649935807
0.193803694944453847 0.090130538636409421
0.193766526300492431 0.090362490129419409
0.193726732874958590 0.090610821612110481
0.193684136877844526 0.090876642585754439
0.193638549598664750 0.091161130701032128
0.193589770903498160 0.091465534896749107
0.193537588735239630 0.091791178518524155
0.193481778622269535 0.092139462384943999
0.193422103201652512 0.092511867763049385
0.193358311763975416 0.092909959208780146
0.193290139828035695 0.093335387221139571
0.193217308754793093 0.093789890651333835
0.193139525411302582 0.094275298800005000
0.193056481896746041 0.094793533126933296
0.192967855344172073 0.095346608488283538
0.192873307813119038 0.095936633806692304
0.192772486289922274 0.096565812069350984
0.192665022814163756 0.097236439538894978
0.192550534751379565 0.097950904051567894
0.192428625233754202 0.098711682267062603
0.192298883792046238 0.099521335724978968
0.192160887203344372 0.100382505554389587
0.192014200580365613 0.101297905676057315
0.191858378728789691 0.102270314331969814
0.191692967799467401 0.103302563774706896
0.191517507262131126 0.104397527950470803
0.191331532226337198 0.105558108015209165
0.191134576133646594 0.106787215534020305
0.190926173842351249 0.108087753230870970
0.190705865122231200 0.109462593179511569
0.190473198571737168 0.110914552358237217
0.190227735963505479 0.112446365531635617
0.189969057016117993 0.114060655472346145
0.189696764580450483 0.115759900595573090
0.189410490217787136 0.117546400148776042
0.189109900134161318 0.119422237178326146
0.188794701421236999 0.121389239583189201
0.188464648538693463 0.123448939661504595
0.188119549956843463 0.125602532657224597
0.187759274861548420 0.127850834917988543
0.187383759806958206 0.130194242378597780
0.186993015185881739 0.132632690182568430
0.186587131373475462 0.135165614342350304
0.186166284388287556 0.137791916411492299
0.185730740906436653 0.140509932193583570
0.185280862460745460 0.143317405537496390
0.184817108657854501 0.146211468260937616
0.184340039253446525 0.149188627199979329
0.183850314939259324 0.152244759297693377
0.183348696715842946 0.155375115518469137
0.182836043751986671 0.158574334206292855
0.182313309664996759 0.161836464297731186
0.181781537194747517 0.165154998558597332
0.181241851287459399 0.168522916744739570
0.180695450650921963 0.171932738301802557
0.180143597889518198 0.175376583927759122
0.179587608372862861 0.178846245038343454
0.179028838033995247 0.182333259912616175
0.178468670329778756 0.185828995066791958
0.297003390404116940 0.097432191917661906
0.297002704316367716 0.097445535542932005
0.297001968063062671 0.097459854831124876
0.297001177984184683 0.097475220965405285
0.297000330153899983 0.097491710298765771
0.296999420361437338 0.097509404725913795
0.296998444090618763 0.097528392081366030
0.296997396497952870 0.097548766565513020
0.296996272389193627 0.097570629200523951
0.296995066194263080 0.097594088318070857
0.296993771940430362 0.097619260080965886
0.296992383223633361 0.097646269040923467
0.296990893177822846 0.097675248734780257
0.296989294442203067 0.097706342321630210
0.296987579126235524 0.097739703263458697
0.296985738772267083 0.097775496051987570
0.296983764315635557 0.097813896984571450
0.296981646042100922 0.097855094992113159
0.296979373542442915 0.097899292522091522
0.296976935664059305 0.097946706479916004
0.296974320459394481 0.097997569231937101
0.296971515131020658 0.098052129673547747
0.296968505973191410 0.098110654365904854
0.296965278309681280 0.098173428744878416
0.296961816427723013 0.098240758405894441
0.296958103507852456 0.098312970468372368
0.296954121549470595 0.098390415023461242
0.296949851291933575 0.098473466668746248
0.296945272130986315 0.098562526133520317
0.296940362030361449 0.098658021998084974
0.296935097428375205 0.098760412510352294
0.296929453139366029 0.098870187502752893
0.296923402249839430 0.098987870412101137
0.296916916009205945 0.099114020404614242
0.296909963715029201 0.099249234607710152
0.296902512592736367 0.099394150449501298
0.296894527669788300 0.099549448106038371
0.296885971644360813 0.099715853055317286
0.296876804748650414 0.099894138735818053
0.296866984606996787 0.100085129305870255
0.296856466089099880 0.100289702498406338
0.296845201158716709 0.100508792563638372
0.296833138718342104 0.100743393289842900
0.296820224450517256 0.100994561089725404
0.296806400656570935 0.101263418136722669
0.296791606093779803 0.101551155532048840
0.296775775812142151 0.101859036479259826
0.296758840992193074 0.102188399438561894
0.296740728785551855 0.102540661227986579
0.296721362160184243 0.102917320032861109
0.296700659752687446 0.103319958278695681
0.296678535730262816 0.103750245315662432
0.296654899665430294 0.104209939855250677
0.296629656426963817 0.104700892091453612
0.296602706090979606 0.105225045429997832
0.296573943876594248 0.105784437739721071
0.296543260111077234 0.106381202030312663
0.296510540229951047 0.107017566450374788
0.296475664818027673 0.107695853489298776
0.296438509697911523 0.108418478255991810
0.296398946073018921 0.109187945697307123
0.296356840732658777 0.110006846609460446
0.296312056327157014 0.110877852287171175
0.296264451721369615 0.111803707648238979
0.296213882435181763 0.112787222666333051
0.296160201179703764 0.113831261942596434
0.296103258497804611 0.114938732247998249
0.296042903517333367 0.116112567874028988
0.295978984824820213 0.117355713640217907
0.295911351466570827 0.118671105423983764
0.295839854082829368 0.120061648102457577
0.295764346179032356 0.121530190828042589
0.295684685536070246 0.123079499600430978
0.295600735758879796 0.124712227148250990
0.295512367959583355 0.126430880193917794
0.295419462567769908 0.128237784245738118
0.295321911256382130 0.130135046141590133
0.295219618967086983 0.132124514657781578
0.295112506014021281 0.134207739593589837
0.295000510239538438 0.136385929844441922
0.294883589190172990 0.138659911081889020
0.294761722275671822 0.141030083762900438
0.294634912868841359 0.143496382290234231
0.294503190299374995 0.146058236234758249
0.294366611691047442 0.148714534604119014
0.294225263588979546 0.151463594194291951
0.294079263322394258 0.154303133085526872
0.293928760048675519 0.157230250336596211
0.293773935426846267 0.160241412886412082
0.293615003872980063 0.163332450586565536
0.293452212356639874 0.166498560160351694
0.293285839706192597 0.169734318713620824
0.293116195401637192 0.173033707212888604
0.292943617846160353 0.176390144101614965
0.292768472121596124 0.179796528953953288
0.292591147247819927 0.183245295776421874
0.292412052981240900 0.186728475273572087
0.292231616202311417 0.190237765106820611
0.292050276955641619 0.193764606909710951
0.291868484218222479 0.197300268591151851
0.400000000000000022 0.097997852476479019
0.400000497334550287 0.098011204469217697
0.400001031033347221 0.098025532736694038
0.400001603749481460 0.098040908506710087
0.400002218328729953 0.098057408180137542
0.400002877823416758 0.098075113703038036
0.400003585507250292 0.098094112965007182
0.400004344891203623 0.098114500225506343
0.400005159740506655 0.098136376570053307
0.400006034092823815 0.098159850398252299
0.400006972277696771 0.098185037945758377
0.400007978937332476 0.098212063842389397
0.400009059048825333 0.098241061708719754
0.400010217947904034 0.098272174793615080
0.400011461354299547 0.098305556655293044
0.400012795398835830 0.098341371888624379
0.400014226652348259 0.098379796901515520
0.400015762156541277 0.098421020743343371
0.400017409456900008 0.098465245988536718
0.400019176637775753 0.098512689678521240
0.400021072359769525 0.098563584325358805
0.400023105899541598 0.098618178980518709
0.400025287192178614 0.098676740372312000
0.400027626876252651 0.098739554115598677
0.400030136341709197 0.098806925997436346
0.400032827780721356 0.098879183342373209
0.400035714241648965 0.098956676461092116
0.400038809686239172 0.099039780186079424
0.400042129050202366 0.099128895497915856
0.400045688307292813 0.099224451245655390
0.400049504537015821 0.099326905964566420
0.400053595996073652 0.099436749794241788
0.400057982193648076 0.099554506499730550
0.400062683970603072 0.099680735597889730
0.400067723582666845 0.099816034590581582
0.400073124787627521 0.099961041305634477
0.400078912936545572 0.100116436345621257
0.400085115068944785 0.100282945643467764
0.400091760011899500 0.100461343122658808
0.400098878482880060 0.100652453458333929
0.400106503196152874 0.100857154933830961
0.400114668972458232 0.101076382385207927
0.400123412851598692 0.101311130223922297
0.400132774207472008 0.101562455525130671
0.400142794864965401 0.101831481165957999
0.400153519217995468 0.102119398994529556
0.400164994347828207 0.102427473006525993
0.400177270140644692 0.102757042501470011
0.400190399403125452 0.103109525185845860
0.400204437974617910 0.103486420184456987
0.400219444834212346 0.103889310915114857
0.400235482200796022 0.104319867774801150
0.400252615623870656 0.104779850577851191
0.400270914062611838 0.105271110678470572
0.400290449950319593 0.105795592701049226
0.400311299241058960 0.106355335792323702
0.400333541434920392 0.106952474299542771
0.400357259577947155 0.107589237768527357
0.400382540232388562 0.108267950145046379
0.400409473412545625 0.108991028052464134
0.400438152481098486 0.109760978008426158
0.400468674000446334 0.110580392433774571
0.400501137533274043 0.111451944298333883
0.400535645386295991 0.112378380241176135
0.400572302290944815 0.113362511998037832
0.400611215014691269 0.114407205966384970
0.400652491896731355 0.115515370739953271
0.400696242301987193 0.116689942450257350
0.400742575987774796 0.117933867763452382
0.400791602378126000 0.119250084397975714
0.400843429741650881 0.120641499052537418
0.400898164270025281 0.122110962666176104
0.400955909055713544 0.123661242973076319
0.401016762969417795 0.125294994365328982
0.401080819439995628 0.127014725137255063
0.401148165142215352 0.128822762255431905
0.401218878600709206 0.130721213878885412
0.401293028721813827 0.132711929943246765
0.401370673268596601 0.134796461219635455
0.401451857298187942 0.136976017361547964
0.401536611584457859 0.139251424558294284
0.401624951052966916 0.141623083517960824
0.401716873258819163 0.144090928602171070
0.401812356941366911 0.146654389024090476
0.401911360692456698 0.149312353094688766
0.402013821776849911 0.152063136554444367
0.402119655144381360 0.154904456052669726
0.402228752673137235 0.157833408829026328
0.402340982681261172 0.160846459606928144
0.402456189741810244 0.163939435622965757
0.402574194830313037 0.167107530588414266
0.402694795828337060 0.170345318208556556
0.402817768398549048 0.173646775675516285
0.402942867237637725 0.177005317305616500
0.403069827703347094 0.180413838220503164
0.403198367801099966 0.183864767682240915
0.403328190504721962 0.187350131398026309
0.403458986375080653 0.190861621823077920
0.403590436430546595 0.194390675224192067
0.403722215214543434 0.197928554034591891
0.501174410102445012 0.091737343498912341
0.501175549374042739 0.091750656091145827
0.501176771947219657 0.091764942077219830
0.501178083899556204 0.091780272474749694
0.501179491750030404 0.091796723459155127
0.501181002490768357 0.091814376734682471
0.501182623621034273 0.091833319931573218
0.501184363183607151 0.091853647031137700
0.501186229803705863 0.091875458820599609
0.501188232730630734 0.091898863379685905
0.501190381882300584 0.091923976601050894
0.501192687892874189 0.091950922746741270
0.501195162163655450 0.091979835043029382
0.501197816917491212 0.092010856316066592
0.501200665256883893 0.092044139670934388
0.501203721226048837 0.092079849216799126
0.501206999877159998 0.092118160841003688
0.501210517341036943 0.092159263035057656
0.501214290902537218 0.092203357775611228
0.501218339080928832 0.092250661463620778
0.501222681715526752 0.092301405925026406
0.501227340056886628 0.092355839476369384
0.501232336863857486 0.092414228058869993
0.501237696506801722 0.092476856444564992
0.501243445077293348 0.092544029518162443
0.501249610504613807 0.092616073638305860
0.501256222679358210 0.092693338081943383
0.501263313584468406 0.092776196575465153
0.501270917433997432 0.092865048916194959
0.501279070819902306 0.092960322687692595
0.501287812867145188 0.093062475072130946
0.501297185397357126 0.093171994762745902
0.501307233101293881 0.093289403979003954
0.501318003720268357 0.093415260586679205
0.501329548236700506 0.093550160324460743
0.501341921073861996 0.093694739138005592
0.501355180304820847 0.093849675621490825
0.501369387870500671 0.094015693565680875
0.501384609806665882 0.094193564610283331
0.501400916479514347 0.094384110996897128
0.501418382829414977 0.094588208417126535
0.501437088622151750 0.094806788948414211
0.501457118706837068 0.095040844067800626
0.501478563279423084 0.095291427731110642
0.501501518150478720 0.095559659501961852
0.501526085015589262 0.095846727711445090
0.501552371726399437 0.096153892625305770
0.501580492559926872 0.096482489590916626
0.501610568483338071 0.096833932131240141
0.501642727410896105 0.097209714947300102
0.501677104449245737 0.097611416784387298
0.501713842126612852 0.098040703110295224
0.501753090600845053 0.098499328546308607
0.501795007840517004 0.098989138983456709
0.501839759772571781 0.099512073307721327
0.501887520389161845 0.100070164648504156
0.501938471805515318 0.100665541054791113
0.501992804259769554 0.101300425493217994
0.502050716044828094 0.101977135051803086
0.502112413361399446 0.102698079222676875
0.502178110080507834 0.103465757126981403
0.502248027402950159 0.104282753535562780
0.502322393402442557 0.105151733530556887
0.502401442438600743 0.106075435645955923
0.502485414425475341 0.107056663320322307
0.502574553941181779 0.108098274492646168
0.502669109164272765 0.109203169173670039
0.502769330622988231 0.110374274830653915
0.502875469744446635 0.111614529434411580
0.502987777192293706 0.112926862034442854
0.503106500983387050 0.114314170752056729
0.503231884376836969 0.115779298113432336
0.503364163532219688 0.117325003685424617
0.503503564938088455 0.118953934027257097
0.503650302617064005 0.120668590031504361
0.503804575119803366 0.122471291798078974
0.503966562326999212 0.124364141265023029
0.504136422086184921 0.126348982908977392
0.504314286718395177 0.128427362924878385
0.504500259438475651 0.130600487396645926
0.504694410741822308 0.132869180075581295
0.504896774819237337 0.135233840487318013
0.505107346070063246 0.137694403187172465
0.505326075791365459 0.140250299072649659
0.505552869127210203 0.142900419735211587
0.505787582366537092 0.145643085885431955
0.506030020680256820 0.148476020910581569
0.506279936387556861 0.151396330616101249
0.506537027837568932 0.154400490157681702
0.506800938985249361 0.157484339085355418
0.507071259729399038 0.160643085293314392
0.507347527066212112 0.163871318499339225
0.507629227093824964 0.167163033668306843
0.507915797882455888 0.170511664550288461
0.508206633201538915 0.173910127232773992
0.508501087070592273 0.177350873318380925
0.508798479075427634 0.180825952045712030
0.509098100366811357 0.184327080384788067
0.509399220235987382 0.187845719873196204
0.509701093141682660 0.191373158727917103
0.602018913424421598 0.080981107605042069
0.602020596332392577 0.080994362448402510
0.602022402291699010 0.081008586463105214
0.602024340280014725 0.081023850358697275
0.602026419927036205 0.081040229980156003
0.602028651561384853 0.081057806677301822
0.602031046260815494 0.081076667700243785
0.602033615905951724 0.081096906622609446
0.602036373237784805 0.081118623794416242
0.602039331919186016 0.081141926826550637
0.602042506600695804 0.081166931108934623
0.602045912990869403 0.081193760364576886
0.602049567931472129 0.081222547241825746
0.602053489477835768 0.081253433947265086
0.602057696984700241 0.081286572921819775
0.602062211197884389 0.081322127562764829
0.602067054352141806 0.081360272994459054
0.602072250275579091 0.081401196890752162
0.602077824501023207 0.081445100352137131
0.602083804384746069 0.081492198840841717
0.602090219232965240 0.081542723177165141
0.602097100436553179 0.081596920600473036
0.602104481614401887 0.081655055898355658
0.602112398765896173 0.081717412607533332
0.602120890432959022 0.081784294290150619
0.602129997872135614 0.081856025889135486
0.602139765237182822 0.081932955166302918
0.602150239772627383 0.082015454226850290
0.602161472018746591 0.082103921133815219
0.602173516028407740 0.082198781615937008
0.602186429596179407 0.082300490872171853
0.602200274500092836 0.082409535475846674
0.602215116756389612 0.082526435381085089
0.602231026887529941 0.082651746033687773
0.602248080203669267 0.082786060588080940
0.602266357097716476 0.082930012231244354
0.602285943353982334 0.083084276613672306
0.602306930470292823 0.083249574386387512
0.602329415993285822 0.083426673841791296
0.602353503866424611 0.083616393654669691
0.602379304790041092 0.083819605717952578
0.602406936592469022 0.084037238065811301
0.602436524611026814 0.084270277874344754
0.602468202081272830 0.084519774527408636
0.602502110532557866 0.084786842732050463
0.602538400187455525 0.085072665664483613
0.602577230362140170 0.085378498123529767
0.602618769864211368 0.085705669663940304
0.602663197383816018 0.086055587676937453
0.602710701873204746 0.086429740379661280
0.602761482909063284 0.086829699668942134
0.602815751031080316 0.087257123787918361
0.602873728049260649 0.087713759746479394
0.602935647311450329 0.088201445428338937
0.603001753921429295 0.088722111308759205
0.603072304896735134 0.089277781697602490
0.603147569254140703 0.089870575412562353
0.603227828009409439 0.090502705777237721
0.603313374076635545 0.091176479828319557
0.603404512051155750 0.091894296605770032
0.603501557858735271 0.092658644389759889
0.603604838252525200 0.093472096738623056
0.603714690138207666 0.094337307173599699
0.603831459706862916 0.095257002349158557
0.603955501354465851 0.096233973542788176
0.604087176366648992 0.097271066295986669
0.604226851347534955 0.098371168039500953
0.604374896372154802 0.099537193541491348
0.604531682843344131 0.100772068028108536
0.604697581036152454 0.102078707842889069
0.604872957315850002 0.103459998535342490
0.605058171019662860 0.104918770301015374
0.605253570997535184 0.106457770736000448
0.605459491813579942 0.108079634918976375
0.605676249617497775 0.109786852893862127
0.605904137704130652 0.111581734696177687
0.606143421789443027 0.113466373145939770
0.606394335042481747 0.115442604718609260
0.606657072925087637 0.117511968901862551
0.606931787904053444 0.119675666547731999
0.607218584113691007 0.121934517834156930
0.607517512059931986 0.124288920553663335
0.607828563469603234 0.126738809545460906
0.608151666399757374 0.129283618175772025
0.608486680731209928 0.131922242844239035
0.608833394177014098 0.134653011546047863
0.609191518939749210 0.137473657544218253
0.609560689150543844 0.140381299198956616
0.609940459217098607 0.143372426956423216
0.610330303197186175 0.146442898414322398
0.610729615297966100 0.149587942254586603
0.611137711579983645 0.152802171664332326
0.611553832918246831 0.156079607657759301
0.611977149241936025 0.159413712468762681
0.612406765040047985 0.162797432914231766
0.612841726083841909 0.166223253341078681
0.613281027279832247 0.169683257477621086
0.613723621530884667 0.173169198224947030
0.614168429449438946 0.176672574159754625
0.614614349737653942 0.180184711289985422
0.702417070761609863 0.066256061424147514
0.702419236627143451 0.066269245963511442
0.702421560857038663 0.066283394533710363
0.702424055005364090 0.066298577469246278
0.702426731465327081 0.066314870212813015
0.702429603529636570 0.066332353682749617
0.702432685455119055 0.066351114666388572
0.702435992531875608 0.066371246241040738
0.702439541157281799 0.066392848224464729
0.702443348915152255 0.066416027656776358
0.702447434660410486 0.066440899315866830
0.702451818609621137 0.066467586268515094
0.702456522437765907 0.066496220459499558
0.702461569381659490 0.066526943341137082
0.702466984350426316 0.066559906545802364
0.702472794043478843 0.066595272604107456
0.702479027076455820 0.066633215711547511
0.702485714115606119 0.066673922546545805
0.702492888021116202 0.066717593142953627
0.702500583999906447 0.066764441820182069
0.702508839768433924 0.066814698174254158
0.702517695726060931 0.066868608133172178
0.702527195139561744 0.066926435080086888
0.702537384339352644 0.066988461047833237
0.702548312928040652 0.067054987988455175
0.702560034001891709 0.067126339121375819
0.702572604385819366 0.067202860363873435
0.702586084882490303 0.067284921847490797
0.702600540536129525 0.067372919523929958
0.702616040911587802 0.067467276863855091
0.702632660389203467 0.067568446651836589
0.702650478475943752 0.067676912880405157
0.702669580133258864 0.067793192745835687
0.702690056122003859 0.067917838747831458
0.702712003364691751 0.068051440894713836
0.702735525325227650 0.068194629015024169
0.702760732406132127 0.068348075175590883
0.702787742363094270 0.068512496205086926
0.702816680736490951 0.068688656320872940
0.702847681299272553 0.068877369855464901
0.702880886520330872 0.069079504077252357
0.702916448042138819 0.069295982098091902
0.702954527171068211 0.069527785858077534
0.702995295378351037 0.069775959175108607
0.703038934809148142 0.070041610843800631
0.703085638796606682 0.070325917764772927
0.703135612377138175 0.070630128081365123
0.703189072802409276 0.070955564296339368
0.703246250042707688 0.071303626336082213
0.703307387275423079 0.071675794524195507
0.703372741351359076 0.072073632420132372
0.703442583230463048 0.072498789471671099
0.703517198377330955 0.072953003422520132
0.703596887105507385 0.073438102408215369
0.703681964858164255 0.073956006664733481
0.703772762411218111 0.074508729764950307
0.703869625983336911 0.075098379288301223
0.703972917235625939 0.075727156818865479
0.704083013142079994 0.076397357156757925
0.704200305710196095 0.077111366617377136
0.704325201529483524 0.077871660282998190
0.704458121124059033 0.078680798061741886
0.704599498084123477 0.079541419400510210
0.704749777949980616 0.080456236491533425
0.704909416821453028 0.081428025807299492
0.705078879665201663 0.082459617796488499
0.705258638292666440 0.083553884574847692
0.705449168982270947 0.084713725450539498
0.705650949721292831 0.085942050134247272
0.705864457045574989 0.087241759501153829
0.706090162459159898 0.088615723795747198
0.706328528421151902 0.090066758202151168
0.706580003893754083 0.091597595743145077
0.706845019453619217 0.093210857520889173
0.707123981978456717 0.094909020372051761
0.707417268932275300 0.096694382079670821
0.707725222285675581 0.098569024363397248
0.708048142122090773 0.100534773957983437
0.708386279996609747 0.102593162185627473
0.708739832130640512 0.104745383529014691
0.709108932542751313 0.106992253815841612
0.709493646232965069 0.109334168728733430
0.709893962553890034 0.111771063452514210
0.710309788916535401 0.114302374358844994
0.710740944990593815 0.116927003700890042
0.711187157567435113 0.119643288342187529
0.711648056258110451 0.122448973568582767
0.712123170197431765 0.125341193024566422
0.712611925917913225 0.128316455771053661
0.713113646543478863 0.131370641377146741
0.713627552432071210 0.134499003831959674
0.714152763368658960 0.137696184894389423
0.714688302376078721 0.140956237291315067
0.715233101171447672 0.144272657933094683
0.715786007251806411 0.147638431046864471
0.716345792545759030 0.151046080842734631
0.716911163520102424 0.154487733037111497
0.717480772583861670 0.157955184273886939
0.718053230588993618 0.161439978221505326
0.718627120189406221 0.164933486894963288
0.802276808127200591 0.047836313653228393
0.802279424933774132 0.047849416148223828
0.802282233076742179 0.047863476675111191
0.802285246515772488 0.047878565130716984
0.802288480224382927 0.047894756488272419
0.802291950262872255 0.047912131162580272
0.802295673856390112 0.047930775400915324
0.802299669478491961 0.047950781701389646
0.802303956940546126 0.047972249260618813
0.802308557487381280 0.047995284452632514
0.802313493899583841 0.048020001341085410
0.802318790602880694 0.048046522226940107
0.802324473785062997 0.048074978233912852
0.802330571520934344 0.048105509934095153
0.802337113905789101 0.048138268016288156
0.802344133197953724 0.048173413999713151
0.802351663970946816 0.048211120995886640
0.802359743275840920 0.048251574521574796
0.802368410814432553 0.048294973365864101
0.802377709123849869 0.048341530514505043
0.802387683773252980 0.048391474134797163
0.802398383573297513 0.048445048624389128
0.802409860799056740 0.048502515727458680
0.802422171427107256 0.048564155721815050
0.802435375387498206 0.048630268680523760
0.802449536831330246 0.048701175811687515
0.802464724414669650 0.048777220880020573
0.802481011599518013 0.048858771713821907
0.802498476972543395 0.048946221800876807
0.802517204582250399 0.049039991976688520
0.802537284295232523 0.049140532208252763
0.802558812172095459 0.049248323476325580
0.802581890863570790 0.049363879758787921
0.802606630027251855 0.049487750117263939
0.802633146765269423 0.049620520888588392
0.802661566083087918 0.049762817982023866
0.802692021369432518 0.049915309282280843
0.802724654897152390 0.050078707157371644
0.802759618344585313 0.050253771069107320
0.802797073336693701 0.050441310282599107
0.802837192004908218 0.050642186669424050
0.802880157564213381 0.050857317597125098
0.802926164905550799 0.051087678895407933
0.802975421201083672 0.051334307886732232
0.803028146519254138 0.051598306465938597
0.803084574445870003 0.051880844210063344
0.803144952706665638 0.052183161495536007
0.803209543785890601 0.052506572595486960
0.803278625534478374 0.052852468724881516
0.803352491760231269 0.053222320995606837
0.803431452791219081 0.053617683237443675
0.803515836002230643 0.054040194634034637
0.803605986292623697 0.054491582115507101
0.803702266502309248 0.054973662441328272
0.803805057750868746 0.055488343898286163
0.803914759682961333 0.056037627529253814
0.804031790601234309 0.056623607798682557
0.804156587465943207 0.057248472590698173
0.804289605738432778 0.057914502425400041
0.804431319043578785 0.058624068768692618
0.804582218624297685 0.059379631300980881
0.804742812559348319 0.060183734000663763
0.804913624713980425 0.061038999889969789
0.805095193391600628 0.061948124283778154
0.805288069653665062 0.062913866377224542
0.805492815274575058 0.063939039005755177
0.805710000298619833 0.065026496412598930
0.805940200167113430 0.066179119864187605
0.806183992386014459 0.067399800964741449
0.806441952707652066 0.068691422537961497
0.806714650804916111 0.070056836967461761
0.807002645422569831 0.071498841919120038
0.807306478998371047 0.073020153408740948
0.807626671756589642 0.074623376227966345
0.807963715288345874 0.076310971800677294
0.808318065647021022 0.078085223611334256
0.808690136002731652 0.079948200425523530
0.809080288917367718 0.081901717610645602
0.809488828320697351 0.083947296959831247
0.809915991288135739 0.086086125522773671
0.810361939741402137 0.088319014050460498
0.810826752213758994 0.090646355763274594
0.811310415840989396 0.093068086249369991
0.811812818756739607 0.095583645387737795
0.812333743085279836 0.098191942262569387
0.812872858734954629 0.100891324086720191
0.813429718200495921 0.103679550176605240
0.814003752580880202 0.106553772013389003
0.814594269010616157 0.109510520381300977
0.815200449685580253 0.112545700489941045
0.815821352639417574 0.115654595861761869
0.816455914393143134 0.118831881598767536
0.817102954559413397 0.122071647436355457
0.817761182434984524 0.125367430752121006
0.818429205561611250 0.128712259430747877
0.819105540178990399 0.132098704202474493
0.819788623435625752 0.135518939783570269
0.820476827167226141 0.138964813865533110
0.821168473000100096 0.142427922738621815
0.821861848491571401 0.145899692107807288
0.901507444079570841 0.025789218938359254
0.901510503115468209 0.025802225296463168
0.901513785822807390 0.025816182657094903
0.901517308520381366 0.025831160404227213
0.901521088712169738 0.025847232960990476
0.901525145172594411 0.025864480152160221
0.901529498037782706 0.025882987592189381
0.901534168903243449 0.025902847100503962
0.901539180928383144 0.025924157145884544
0.901544558948317198 0.025947023321863018
0.901550329593455824 0.025971558855175176
0.901556521417370749 0.025997885149425196
0.901563165033480107 0.026026132366235737
0.901570293261111377 0.026056440046279172
0.901577941281537343 0.026088957772708237
0.901586146804606137 0.026123845879629785
0.901594950246615956 0.026161276208389782
0.901604394920114904 0.026201432914562877
0.901614527236336394 0.026244513328661064
0.901625396921004851 0.026290728873695220
0.901637057244276896 0.026340306042833741
0.901649565265604136 0.026393487440507270
0.901662982094327825 0.026450532890398885
0.901677373166830720 0.026511720613836411
0.901692808541088797 0.026577348482160309
0.901709363209469372 0.026647735346674160
0.901727117430625502 0.026723222449788572
0.901746157081328881 0.026804174920937205
0.901766574029064460 0.026890983360768773
0.901788466526181054 0.026984065516991632
0.901811939626349313 0.027083868055060203
0.901837105624013868 0.027190868426632084
0.901864084517448927 0.027305576838380082
0.901893004495920692 0.027428538323300382
0.901924002451328422 0.027560334916100500
0.901957224514535305 0.027701587933561145
0.901992826616400678 0.027852960359924593
0.902030975073288221 0.028015159336347809
0.902071847196537657 0.028188938752245297
0.902115631925051620 0.028375101934910184
0.902162530479749702 0.028574504432112145
0.902212757038179602 0.028788056880396408
0.902266539427033831 0.029016727949516707
0.902324119829701288 0.029261547350790205
0.902385755505267007 0.029523608894128268
0.902451719514559270 0.029804073575033646
0.902522301447921560 0.030104172668926153
0.902597808148339564 0.030425210805724443
0.902678564422387919 0.030768568992637049
0.902764913730153773 0.031135707547566917
0.902857218843848064 0.031528168899384909
0.902955862463224124 0.031947580204557111
0.903061247774183284 0.032395655722212410
0.903173798935057781 0.032874198881715014
0.903293961473038309 0.033385103968186843
0.903422202571053434 0.033930357342255940
0.903559011223141417 0.034512038100666810
0.903704898234006571 0.035132318074390559
0.903860396036048286 0.035793461050674276
0.904026058294758017 0.036497821095273775
0.904202459271042369 0.037247839841189442
0.904390192906837309 0.038046042600896265
0.904589871598420081 0.038895033150730764
0.904802124620212922 0.039797487029247534
0.905027596160744352 0.040756143186549271
0.905266942931930885 0.041773793819474353
0.905520831313153196 0.042853272228822591
0.905789933992891205 0.043997438540319511
0.906074926073185849 0.045209163141627651
0.906376480606092438 0.046491307704315601
0.906695263536827611 0.047846703683212873
0.907031928035673229 0.049278128216893050
0.907387108210091053 0.050788277392947292
0.907761412200068118 0.052379736890888706
0.908155414673559869 0.054054950074401378
0.908569648755054415 0.055816183673343060
0.909004597438683226 0.057665491274153435
0.909460684557773291 0.059604674924343980
0.909938265404947599 0.061635245251197998
0.910437617120371079 0.063758380594673036
0.910958928989853423 0.065974885757036264
0.911502292818449078 0.068285151073496003
0.912067693567942261 0.070689112604815085
0.912655000467035182 0.073186214339758610
0.913263958819914623 0.075775373366890719
0.913894182750821016 0.078454949026056334
0.914545149127975243 0.081222717074230427
0.915216192908469339 0.084075849893004900
0.915906504135452937 0.087010903721274263
0.916615126799339319 0.090023813813329912
0.917340959745414741 0.093109898297819016
0.918082759771210899 0.096263871347101418
0.918839147008879031 0.099479866061938718
0.919608612631746647 0.102751467238103453
0.920389528861971340 0.106071753916757064
0.921180161189988356 0.109433351338893481
0.921978682648960768 0.112828491637209566
0.922783189921668079 0.116249082319108368
0.923591720996312038 0.119686781335359288
0.924402274034594074 0.123133077303078764
1.000000000000000000 -0.000000000000000017
1.000003511801065947 0.000012891481878381
1.000007280378984120 0.000026725566732628
1.000011324467877216 0.000041571025714514
1.000015664162472895 0.000057501624626043
1.000020321015979041 0.000074596483205331
1.000025318144852626 0.000092940459731678
1.000030680340935119 0.000112624562653177
1.000036434191435397 0.000133746391043318
1.000042608207292627 0.000156410605798872
1.000049232960459777 0.000180729433601663
1.000056341230697532 0.000206823205781237
1.000063968162488548 0.000234820934332066
1.000072151432719547 0.000264860927459632
1.000080931429812248 0.000297091447151445
1.000090351445015457 0.000331671411393347
1.000100457876607729 0.000368771143774755
1.000111300447788842 0.000408573173350645
1.000122932439077017 0.000451273087748168
1.000135410936056735 0.000497080442623995
1.000148797093353137 0.000546219730687973
1.000163156415736054 0.000598931413612484
1.000178559057285810 0.000655473020236517
1.000195080139565817 0.000716120314550051
1.000212800089770093 0.000781168537000637
1.000231804999819341 0.000850933722697351
1.000252187007378391 0.000925754100091032
1.000274044699762888 0.001005991573677896
1.000297483541682020 0.001092033294199482
1.000322616327727232 0.001184293319685638
1.000349563660468899 0.001283214370501690
1.000378454454951882 0.001389269681302767
1.000409426470287855 0.001502964952456657
1.000442626868921714 0.001624840403057539
1.000478212804000178 0.001755472927100217
1.000516352035085266 0.001895478353701143
1.000557223572223098 0.002045513811418261
1.000601018348113547 0.002206280195716514
1.000647939917789664 0.002378524737423146
1.000698205184831657 0.002563043668593203
1.000752045152688119 0.002760684980530689
1.000809705699133856 0.002972351266753853
1.000871448371286387 0.003199002641421986
1.000937551197881525 0.003441659721119623
1.001008309514691552 0.003701406654886647
1.001084036798034038 0.003979394183950161
1.001165065500260187 0.004276842708720103
1.001251747879911669 0.004595045336215364
1.001344456817893969 0.004935370876156577
1.001443586609514602 0.005299266748461923
1.001549553720575414 0.005688261758787725
1.001662797493877877 0.006103968692044885
1.001783780790508116 0.006548086666489147
1.001912990548094351 0.007022403183032118
1.002050938235908184 0.007528795795876658
1.002198160184206044 0.008069233321492045
1.002355217762596284 0.008645776493389620
1.002522697379531369 0.009260577960249611
1.002701210272253896 0.009915881514841619
1.002891392053790076 0.010614020431075920
1.003093901980889546 0.011357414776686071
1.003309421904303500 0.012148567559796887
1.003538654860534729 0.012990059559377359
1.003782323262350396 0.013884542682788178
1.004041166644046967 0.014834731688867491
1.004315938916885198 0.015843394112897296
1.004607405090461425 0.016913338231077962
1.004916337417276928 0.018047398907609462
1.005243510920621697 0.019248421177992098
1.005589698270384469 0.020519241438615540
1.005955663977738057 0.021862666136014043
1.006342157888113764 0.023281447880204111
1.006749907962651847 0.024778258946087487
1.007179612351595255 0.026355662175646548
1.007631930778990270 0.028016079352012578
1.008107475276603271 0.029761757184575806
1.008606800326095732 0.031594731121857740
1.009130392491986328 0.033516787295122218
1.009678659653441724 0.035529422989319590
1.010251919969894940 0.037633806136940083
1.010850390743179172 0.039830734431985385
1.011474177366332938 0.042120594762101060
1.012123262575347349 0.044503323752781328
1.012797496243581952 0.046978370303656501
1.013496585977923692 0.049544661067903478
1.014220088789486995 0.052200569876191136
1.014967404118225502 0.054943892130705024
1.015737768488824910 0.057771825187447806
1.016530252063445827 0.060680955701689888
1.017343757334376875 0.063667254828828970
1.018177020165979441 0.066726082049265348
1.019028613350499324 0.069852198221442938
1.019896952787080702 0.073039788264413638
1.020780306328964437 0.076282493635041582
1.021676805272364374 0.079573454502562771
1.022584458384505623 0.082905361244150849
1.023501168290822827 0.086270514600737896
1.024424749965815229 0.089660893555154372
1.025352951002071800 0.093068229737759384
1.026283473270997337 0.096484086940866895
