9.764321859741074139e-01 1.724452886623766348e-02 5.013533996504445506e-02 2.488555578121996736e-02 -6.553794080583985604e-03 6.506184083834249364e-03 -3.006462245237358742e-03 -1.080060564605750222e-02 -4.105043854382314783e-02 -1.227010031359179049e-02
4.996447430873716261e-02 9.232678031294653254e-01 -5.252041778026243779e-02 -3.377336252071690137e-02 8.871061936617798474e-03 2.096805286262301386e-03 1.322919082390170212e-02 1.850416842099530945e-02 7.076273940213902158e-02 1.299570219908184436e-02
5.208995809112221959e-02 -1.153226988802944081e-01 8.765775232693170382e-01 -3.465266293391552899e-02 8.775469191006262173e-03 -2.768902601054202064e-02 1.758108743709194122e-02 2.096639461822421766e-02 1.091723582135233628e-01 2.023028880625316051e-02
2.293674622591504800e-02 -4.403939846053819829e-02 -6.844631292960209890e-02 9.748761123295757169e-01 4.118844106650400988e-02 -1.169429035548477311e-02 -3.464574997530995518e-03 8.328636392725708446e-04 3.119417878923363280e-02 1.472159052853612947e-02
-6.042450918379954974e-03 1.122626750125954240e-02 1.636247199368810745e-02 -2.670952146446365152e-02 9.979246607358214227e-01 -8.653527907751040402e-03 -5.904991814622465897e-03 3.175258041352874497e-03 -1.614677196224704580e-03 -7.409236147705119437e-03
-1.506192181076782205e-03 1.392932978661329051e-04 1.967882556761833129e-02 9.699173438821527896e-03 7.660296788563470197e-03 9.972554384602747568e-01 -6.437326042422032712e-02 2.953464646912010508e-02 3.315586379453112215e-02 9.287816703063481519e-03
-6.670577863500956953e-03 9.719479052549197251e-03 1.163778749777569753e-02 1.480775327149475712e-02 2.350794676629912490e-03 6.148796698749824791e-02 9.918030598492216798e-01 -4.325668950941904956e-02 1.804394355169343725e-02 5.615477099905628704e-03
-1.187545307266287160e-02 2.171813802136177834e-02 2.977565389707061139e-02 1.978103117065935918e-02 -7.027307187498777787e-03 -2.372135464845731220e-02 3.759096458393063056e-02 9.927898200487516034e-01 -1.144151238721904246e-02 3.227098627649272258e-03
-4.455609455950219899e-02 8.296100284320277740e-02 1.026756742876930445e-01 5.737869260727623821e-02 -1.751228745195262948e-02 -2.617001572557159719e-02 -3.712998446073832726e-02 -3.153824431385277016e-02 9.010624113512684108e-01 -1.303265682390016833e-01
-1.252977978937878933e-02 2.425716433004783054e-02 2.950855272558877349e-02 1.054972058159110194e-02 -3.349194490329120730e-04 -1.110480309173414622e-02 -1.171131544131826310e-02 -1.404990145748287976e-02 8.446168912105131432e-02 9.889684459163499142e-01
